{"metadata":{"kernelspec":{"language":"python","display_name":"Python 3","name":"python3"},"language_info":{"name":"python","version":"3.12.12","mimetype":"text/x-python","codemirror_mode":{"name":"ipython","version":3},"pygments_lexer":"ipython3","nbconvert_exporter":"python","file_extension":".py"},"kaggle":{"accelerator":"none","dataSources":[{"sourceType":"datasetVersion","sourceId":15583184,"datasetId":9970114,"databundleVersionId":16515150}],"dockerImageVersionId":31328,"isInternetEnabled":false,"language":"python","sourceType":"notebook","isGpuEnabled":false}},"nbformat_minor":4,"nbformat":4,"cells":[{"cell_type":"code","source":"# This Python 3 environment comes with many helpful analytics libraries installed\n# It is defined by the kaggle/python Docker image: https://github.com/kaggle/docker-python\n# For example, here's several helpful packages to load\n\nimport numpy as np # linear algebra\nimport pandas as pd # data processing, CSV file I/O (e.g. pd.read_csv)\n\n# Input data files are available in the read-only \"../input/\" directory\n# For example, running this (by clicking run or pressing Shift+Enter) will list all files under the input directory\n\nimport os\nfor dirname, _, filenames in os.walk('/kaggle/input'):\n    for filename in filenames:\n        print(os.path.join(dirname, filename))\n\n# You can write up to 20GB to the current directory (/kaggle/working/) that gets preserved as output when you create a version using \"Save & Run All\" \n# You can also write temporary files to /kaggle/temp/, but they won't be saved outside of the current session","metadata":{"_uuid":"8f2839f25d086af736a60e9eeb907d3b93b6e0e5","_cell_guid":"b1076dfc-b9ad-4769-8c92-a6c4dae69d19","trusted":true},"outputs":[],"execution_count":null},{"cell_type":"code","source":"#Load Libraries for Data Analysis\nimport pandas as pd\nimport os\nos.listdir('/kaggle/input/datasets/vincenthope/stock-prices/')","metadata":{"trusted":true,"execution":{"iopub.status.busy":"2026-04-08T16:54:38.201144Z","iopub.execute_input":"2026-04-08T16:54:38.201500Z","iopub.status.idle":"2026-04-08T16:54:38.208364Z","shell.execute_reply.started":"2026-04-08T16:54:38.201470Z","shell.execute_reply":"2026-04-08T16:54:38.207397Z"}},"outputs":[{"execution_count":4,"output_type":"execute_result","data":{"text/plain":"['Stock_Prices.csv']"},"metadata":{}}],"execution_count":4},{"cell_type":"code","source":"data = pd.read_csv(\"/kaggle/input/datasets/vincenthope/stock-prices/Stock_Prices.csv\")\n\ndata.head(5)","metadata":{"trusted":true,"execution":{"iopub.status.busy":"2026-04-08T16:56:53.687443Z","iopub.execute_input":"2026-04-08T16:56:53.687805Z","iopub.status.idle":"2026-04-08T16:56:54.338815Z","shell.execute_reply.started":"2026-04-08T16:56:53.687773Z","shell.execute_reply":"2026-04-08T16:56:54.338025Z"}},"outputs":[{"execution_count":6,"output_type":"execute_result","data":{"text/plain":"  symbol      date      open      high       low     close    volume\n0    AAL  1/2/2014   25.0700   25.8200   25.0600   25.3600   8998943\n1   AAPL  1/2/2014   79.3828   79.5756   78.8601   79.0185  58791957\n2    AAP  1/2/2014  110.3600  111.8800  109.2900  109.7400    542711\n3   ABBV  1/2/2014   52.1200   52.3300   51.5200   51.9800   4569061\n4    ABC  1/2/2014   70.1100   70.2300   69.4800   69.8900   1148391","text/html":"<div>\n<style scoped>\n    .dataframe tbody tr th:only-of-type {\n        vertical-align: middle;\n    }\n\n    .dataframe tbody tr th {\n        vertical-align: top;\n    }\n\n    .dataframe thead th {\n        text-align: right;\n    }\n</style>\n<table border=\"1\" class=\"dataframe\">\n  <thead>\n    <tr style=\"text-align: right;\">\n      <th></th>\n      <th>symbol</th>\n      <th>date</th>\n      <th>open</th>\n      <th>high</th>\n      <th>low</th>\n      <th>close</th>\n      <th>volume</th>\n    </tr>\n  </thead>\n  <tbody>\n    <tr>\n      <th>0</th>\n      <td>AAL</td>\n      <td>1/2/2014</td>\n      <td>25.0700</td>\n      <td>25.8200</td>\n      <td>25.0600</td>\n      <td>25.3600</td>\n      <td>8998943</td>\n    </tr>\n    <tr>\n      <th>1</th>\n      <td>AAPL</td>\n      <td>1/2/2014</td>\n      <td>79.3828</td>\n      <td>79.5756</td>\n      <td>78.8601</td>\n      <td>79.0185</td>\n      <td>58791957</td>\n    </tr>\n    <tr>\n      <th>2</th>\n      <td>AAP</td>\n      <td>1/2/2014</td>\n      <td>110.3600</td>\n      <td>111.8800</td>\n      <td>109.2900</td>\n      <td>109.7400</td>\n      <td>542711</td>\n    </tr>\n    <tr>\n      <th>3</th>\n      <td>ABBV</td>\n      <td>1/2/2014</td>\n      <td>52.1200</td>\n      <td>52.3300</td>\n      <td>51.5200</td>\n      <td>51.9800</td>\n      <td>4569061</td>\n    </tr>\n    <tr>\n      <th>4</th>\n      <td>ABC</td>\n      <td>1/2/2014</td>\n      <td>70.1100</td>\n      <td>70.2300</td>\n      <td>69.4800</td>\n      <td>69.8900</td>\n      <td>1148391</td>\n    </tr>\n  </tbody>\n</table>\n</div>"},"metadata":{}}],"execution_count":6},{"cell_type":"code","source":"# Check for missing values (True/False)\ndata.isnull()","metadata":{"trusted":true,"execution":{"iopub.status.busy":"2026-04-08T16:58:34.827974Z","iopub.execute_input":"2026-04-08T16:58:34.828304Z","iopub.status.idle":"2026-04-08T16:58:34.894220Z","shell.execute_reply.started":"2026-04-08T16:58:34.828274Z","shell.execute_reply":"2026-04-08T16:58:34.893176Z"}},"outputs":[{"execution_count":8,"output_type":"execute_result","data":{"text/plain":"        symbol   date   open   high    low  close  volume\n0        False  False  False  False  False  False   False\n1        False  False  False  False  False  False   False\n2        False  False  False  False  False  False   False\n3        False  False  False  False  False  False   False\n4        False  False  False  False  False  False   False\n...        ...    ...    ...    ...    ...    ...     ...\n497467   False  False  False  False  False  False   False\n497468   False  False  False  False  False  False   False\n497469   False  False  False  False  False  False   False\n497470   False  False  False  False  False  False   False\n497471   False  False  False  False  False  False   False\n\n[497472 rows x 7 columns]","text/html":"<div>\n<style scoped>\n    .dataframe tbody tr th:only-of-type {\n        vertical-align: middle;\n    }\n\n    .dataframe tbody tr th {\n        vertical-align: top;\n    }\n\n    .dataframe thead th {\n        text-align: right;\n    }\n</style>\n<table border=\"1\" class=\"dataframe\">\n  <thead>\n    <tr style=\"text-align: right;\">\n      <th></th>\n      <th>symbol</th>\n      <th>date</th>\n      <th>open</th>\n      <th>high</th>\n      <th>low</th>\n      <th>close</th>\n      <th>volume</th>\n    </tr>\n  </thead>\n  <tbody>\n    <tr>\n      <th>0</th>\n      <td>False</td>\n      <td>False</td>\n      <td>False</td>\n      <td>False</td>\n      <td>False</td>\n      <td>False</td>\n      <td>False</td>\n    </tr>\n    <tr>\n      <th>1</th>\n      <td>False</td>\n      <td>False</td>\n      <td>False</td>\n      <td>False</td>\n      <td>False</td>\n      <td>False</td>\n      <td>False</td>\n    </tr>\n    <tr>\n      <th>2</th>\n      <td>False</td>\n      <td>False</td>\n      <td>False</td>\n      <td>False</td>\n      <td>False</td>\n      <td>False</td>\n      <td>False</td>\n    </tr>\n    <tr>\n      <th>3</th>\n      <td>False</td>\n      <td>False</td>\n      <td>False</td>\n      <td>False</td>\n      <td>False</td>\n      <td>False</td>\n      <td>False</td>\n    </tr>\n    <tr>\n      <th>4</th>\n      <td>False</td>\n      <td>False</td>\n      <td>False</td>\n      <td>False</td>\n      <td>False</td>\n      <td>False</td>\n      <td>False</td>\n    </tr>\n    <tr>\n      <th>...</th>\n      <td>...</td>\n      <td>...</td>\n      <td>...</td>\n      <td>...</td>\n      <td>...</td>\n      <td>...</td>\n      <td>...</td>\n    </tr>\n    <tr>\n      <th>497467</th>\n      <td>False</td>\n      <td>False</td>\n      <td>False</td>\n      <td>False</td>\n      <td>False</td>\n      <td>False</td>\n      <td>False</td>\n    </tr>\n    <tr>\n      <th>497468</th>\n      <td>False</td>\n      <td>False</td>\n      <td>False</td>\n      <td>False</td>\n      <td>False</td>\n      <td>False</td>\n      <td>False</td>\n    </tr>\n    <tr>\n      <th>497469</th>\n      <td>False</td>\n      <td>False</td>\n      <td>False</td>\n      <td>False</td>\n      <td>False</td>\n      <td>False</td>\n      <td>False</td>\n    </tr>\n    <tr>\n      <th>497470</th>\n      <td>False</td>\n      <td>False</td>\n      <td>False</td>\n      <td>False</td>\n      <td>False</td>\n      <td>False</td>\n      <td>False</td>\n    </tr>\n    <tr>\n      <th>497471</th>\n      <td>False</td>\n      <td>False</td>\n      <td>False</td>\n      <td>False</td>\n      <td>False</td>\n      <td>False</td>\n      <td>False</td>\n    </tr>\n  </tbody>\n</table>\n<p>497472 rows × 7 columns</p>\n</div>"},"metadata":{}}],"execution_count":8},{"cell_type":"code","source":"# Counting missing values per column\ndata.isnull().sum()\n","metadata":{"trusted":true,"execution":{"iopub.status.busy":"2026-04-08T17:00:46.309510Z","iopub.execute_input":"2026-04-08T17:00:46.309861Z","iopub.status.idle":"2026-04-08T17:00:46.371489Z","shell.execute_reply.started":"2026-04-08T17:00:46.309830Z","shell.execute_reply":"2026-04-08T17:00:46.370678Z"}},"outputs":[{"execution_count":9,"output_type":"execute_result","data":{"text/plain":"symbol     0\ndate       0\nopen      11\nhigh       8\nlow        8\nclose      0\nvolume     0\ndtype: int64"},"metadata":{}}],"execution_count":9},{"cell_type":"code","source":"# Total missing values\ndata.isnull().sum().sum()","metadata":{"trusted":true,"execution":{"iopub.status.busy":"2026-04-08T17:01:27.189402Z","iopub.execute_input":"2026-04-08T17:01:27.189753Z","iopub.status.idle":"2026-04-08T17:01:27.249005Z","shell.execute_reply.started":"2026-04-08T17:01:27.189723Z","shell.execute_reply":"2026-04-08T17:01:27.248098Z"}},"outputs":[{"execution_count":10,"output_type":"execute_result","data":{"text/plain":"np.int64(27)"},"metadata":{}}],"execution_count":10},{"cell_type":"code","source":"# Check How Many Records There Are \ndata.shape ","metadata":{"trusted":true,"execution":{"iopub.status.busy":"2026-04-08T17:22:23.031455Z","iopub.execute_input":"2026-04-08T17:22:23.031844Z","iopub.status.idle":"2026-04-08T17:22:23.037850Z","shell.execute_reply.started":"2026-04-08T17:22:23.031810Z","shell.execute_reply":"2026-04-08T17:22:23.036968Z"}},"outputs":[{"execution_count":24,"output_type":"execute_result","data":{"text/plain":"(497472, 7)"},"metadata":{}}],"execution_count":24},{"cell_type":"code","source":"# Drop Rows With Missing Values Since Not Much i.e 27\ndata_clean = data.dropna()\n\n# Check to see output \ndata_clean.isnull().sum()\n\n","metadata":{"trusted":true,"execution":{"iopub.status.busy":"2026-04-08T17:20:10.171586Z","iopub.execute_input":"2026-04-08T17:20:10.171992Z","iopub.status.idle":"2026-04-08T17:20:10.310885Z","shell.execute_reply.started":"2026-04-08T17:20:10.171960Z","shell.execute_reply":"2026-04-08T17:20:10.310079Z"}},"outputs":[{"execution_count":21,"output_type":"execute_result","data":{"text/plain":"symbol    0\ndate      0\nopen      0\nhigh      0\nlow       0\nclose     0\nvolume    0\ndtype: int64"},"metadata":{}}],"execution_count":21},{"cell_type":"code","source":"# Check How Many Records Remain\ndata_clean.shape ","metadata":{"trusted":true,"execution":{"iopub.status.busy":"2026-04-08T17:22:42.803854Z","iopub.execute_input":"2026-04-08T17:22:42.804525Z","iopub.status.idle":"2026-04-08T17:22:42.810288Z","shell.execute_reply.started":"2026-04-08T17:22:42.804493Z","shell.execute_reply":"2026-04-08T17:22:42.809307Z"}},"outputs":[{"execution_count":25,"output_type":"execute_result","data":{"text/plain":"(497461, 7)"},"metadata":{}}],"execution_count":25},{"cell_type":"code","source":"# Check for Duplicates - Shows True for Duplicate Rows\ndata_clean.duplicated()","metadata":{"trusted":true,"execution":{"iopub.status.busy":"2026-04-08T17:26:50.060579Z","iopub.execute_input":"2026-04-08T17:26:50.061006Z","iopub.status.idle":"2026-04-08T17:26:50.269875Z","shell.execute_reply.started":"2026-04-08T17:26:50.060972Z","shell.execute_reply":"2026-04-08T17:26:50.268855Z"}},"outputs":[{"execution_count":26,"output_type":"execute_result","data":{"text/plain":"0         False\n1         False\n2         False\n3         False\n4         False\n          ...  \n497467    False\n497468    False\n497469    False\n497470    False\n497471    False\nLength: 497461, dtype: bool"},"metadata":{}}],"execution_count":26},{"cell_type":"code","source":"# Check for No of Duplicates \ndata_clean.duplicated().sum()","metadata":{"trusted":true,"execution":{"iopub.status.busy":"2026-04-08T17:28:00.186836Z","iopub.execute_input":"2026-04-08T17:28:00.187180Z","iopub.status.idle":"2026-04-08T17:28:00.376890Z","shell.execute_reply.started":"2026-04-08T17:28:00.187150Z","shell.execute_reply":"2026-04-08T17:28:00.376046Z"}},"outputs":[{"execution_count":27,"output_type":"execute_result","data":{"text/plain":"np.int64(0)"},"metadata":{}}],"execution_count":27},{"cell_type":"code","source":"# Display first 10 Records\n\ndata_clean.head(10)","metadata":{"trusted":true,"execution":{"iopub.status.busy":"2026-04-08T17:31:56.792114Z","iopub.execute_input":"2026-04-08T17:31:56.792451Z","iopub.status.idle":"2026-04-08T17:31:56.805476Z","shell.execute_reply.started":"2026-04-08T17:31:56.792420Z","shell.execute_reply":"2026-04-08T17:31:56.804603Z"}},"outputs":[{"execution_count":28,"output_type":"execute_result","data":{"text/plain":"  symbol      date      open      high       low     close    volume\n0    AAL  1/2/2014   25.0700   25.8200   25.0600   25.3600   8998943\n1   AAPL  1/2/2014   79.3828   79.5756   78.8601   79.0185  58791957\n2    AAP  1/2/2014  110.3600  111.8800  109.2900  109.7400    542711\n3   ABBV  1/2/2014   52.1200   52.3300   51.5200   51.9800   4569061\n4    ABC  1/2/2014   70.1100   70.2300   69.4800   69.8900   1148391\n5    ABT  1/2/2014   38.0900   38.4000   38.0000   38.2300   4967472\n6    ACN  1/2/2014   81.5000   81.9200   81.0900   81.1300   2405384\n7   ADBE  1/2/2014   59.0600   59.5300   58.9400   59.2900   2746370\n8    ADI  1/2/2014   49.5200   49.7500   49.0400   49.2800   2799092\n9    ADM  1/2/2014   43.2200   43.2900   42.7900   42.9900   2753765","text/html":"<div>\n<style scoped>\n    .dataframe tbody tr th:only-of-type {\n        vertical-align: middle;\n    }\n\n    .dataframe tbody tr th {\n        vertical-align: top;\n    }\n\n    .dataframe thead th {\n        text-align: right;\n    }\n</style>\n<table border=\"1\" class=\"dataframe\">\n  <thead>\n    <tr style=\"text-align: right;\">\n      <th></th>\n      <th>symbol</th>\n      <th>date</th>\n      <th>open</th>\n      <th>high</th>\n      <th>low</th>\n      <th>close</th>\n      <th>volume</th>\n    </tr>\n  </thead>\n  <tbody>\n    <tr>\n      <th>0</th>\n      <td>AAL</td>\n      <td>1/2/2014</td>\n      <td>25.0700</td>\n      <td>25.8200</td>\n      <td>25.0600</td>\n      <td>25.3600</td>\n      <td>8998943</td>\n    </tr>\n    <tr>\n      <th>1</th>\n      <td>AAPL</td>\n      <td>1/2/2014</td>\n      <td>79.3828</td>\n      <td>79.5756</td>\n      <td>78.8601</td>\n      <td>79.0185</td>\n      <td>58791957</td>\n    </tr>\n    <tr>\n      <th>2</th>\n      <td>AAP</td>\n      <td>1/2/2014</td>\n      <td>110.3600</td>\n      <td>111.8800</td>\n      <td>109.2900</td>\n      <td>109.7400</td>\n      <td>542711</td>\n    </tr>\n    <tr>\n      <th>3</th>\n      <td>ABBV</td>\n      <td>1/2/2014</td>\n      <td>52.1200</td>\n      <td>52.3300</td>\n      <td>51.5200</td>\n      <td>51.9800</td>\n      <td>4569061</td>\n    </tr>\n    <tr>\n      <th>4</th>\n      <td>ABC</td>\n      <td>1/2/2014</td>\n      <td>70.1100</td>\n      <td>70.2300</td>\n      <td>69.4800</td>\n      <td>69.8900</td>\n      <td>1148391</td>\n    </tr>\n    <tr>\n      <th>5</th>\n      <td>ABT</td>\n      <td>1/2/2014</td>\n      <td>38.0900</td>\n      <td>38.4000</td>\n      <td>38.0000</td>\n      <td>38.2300</td>\n      <td>4967472</td>\n    </tr>\n    <tr>\n      <th>6</th>\n      <td>ACN</td>\n      <td>1/2/2014</td>\n      <td>81.5000</td>\n      <td>81.9200</td>\n      <td>81.0900</td>\n      <td>81.1300</td>\n      <td>2405384</td>\n    </tr>\n    <tr>\n      <th>7</th>\n      <td>ADBE</td>\n      <td>1/2/2014</td>\n      <td>59.0600</td>\n      <td>59.5300</td>\n      <td>58.9400</td>\n      <td>59.2900</td>\n      <td>2746370</td>\n    </tr>\n    <tr>\n      <th>8</th>\n      <td>ADI</td>\n      <td>1/2/2014</td>\n      <td>49.5200</td>\n      <td>49.7500</td>\n      <td>49.0400</td>\n      <td>49.2800</td>\n      <td>2799092</td>\n    </tr>\n    <tr>\n      <th>9</th>\n      <td>ADM</td>\n      <td>1/2/2014</td>\n      <td>43.2200</td>\n      <td>43.2900</td>\n      <td>42.7900</td>\n      <td>42.9900</td>\n      <td>2753765</td>\n    </tr>\n  </tbody>\n</table>\n</div>"},"metadata":{}}],"execution_count":28},{"cell_type":"markdown","source":"**Standardizing Inconsistent Data Formats is about making your data uniform and clean****.","metadata":{}},{"cell_type":"code","source":"# Standardize Date Records\ndata_clean.loc[:, 'date'] = pd.to_datetime(data_clean['date'])","metadata":{"trusted":true,"execution":{"iopub.status.busy":"2026-04-08T17:37:27.906622Z","iopub.execute_input":"2026-04-08T17:37:27.907485Z","iopub.status.idle":"2026-04-08T17:37:27.937128Z","shell.execute_reply.started":"2026-04-08T17:37:27.907451Z","shell.execute_reply":"2026-04-08T17:37:27.936415Z"}},"outputs":[],"execution_count":30},{"cell_type":"code","source":"# Display first 10 Records\n\ndata_clean.head(10)","metadata":{"trusted":true,"execution":{"iopub.status.busy":"2026-04-08T17:37:52.225396Z","iopub.execute_input":"2026-04-08T17:37:52.225747Z","iopub.status.idle":"2026-04-08T17:37:52.238495Z","shell.execute_reply.started":"2026-04-08T17:37:52.225717Z","shell.execute_reply":"2026-04-08T17:37:52.237704Z"}},"outputs":[{"execution_count":31,"output_type":"execute_result","data":{"text/plain":"  symbol       date      open      high       low     close    volume\n0    AAL 2014-01-02   25.0700   25.8200   25.0600   25.3600   8998943\n1   AAPL 2014-01-02   79.3828   79.5756   78.8601   79.0185  58791957\n2    AAP 2014-01-02  110.3600  111.8800  109.2900  109.7400    542711\n3   ABBV 2014-01-02   52.1200   52.3300   51.5200   51.9800   4569061\n4    ABC 2014-01-02   70.1100   70.2300   69.4800   69.8900   1148391\n5    ABT 2014-01-02   38.0900   38.4000   38.0000   38.2300   4967472\n6    ACN 2014-01-02   81.5000   81.9200   81.0900   81.1300   2405384\n7   ADBE 2014-01-02   59.0600   59.5300   58.9400   59.2900   2746370\n8    ADI 2014-01-02   49.5200   49.7500   49.0400   49.2800   2799092\n9    ADM 2014-01-02   43.2200   43.2900   42.7900   42.9900   2753765","text/html":"<div>\n<style scoped>\n    .dataframe tbody tr th:only-of-type {\n        vertical-align: middle;\n    }\n\n    .dataframe tbody tr th {\n        vertical-align: top;\n    }\n\n    .dataframe thead th {\n        text-align: right;\n    }\n</style>\n<table border=\"1\" class=\"dataframe\">\n  <thead>\n    <tr style=\"text-align: right;\">\n      <th></th>\n      <th>symbol</th>\n      <th>date</th>\n      <th>open</th>\n      <th>high</th>\n      <th>low</th>\n      <th>close</th>\n      <th>volume</th>\n    </tr>\n  </thead>\n  <tbody>\n    <tr>\n      <th>0</th>\n      <td>AAL</td>\n      <td>2014-01-02</td>\n      <td>25.0700</td>\n      <td>25.8200</td>\n      <td>25.0600</td>\n      <td>25.3600</td>\n      <td>8998943</td>\n    </tr>\n    <tr>\n      <th>1</th>\n      <td>AAPL</td>\n      <td>2014-01-02</td>\n      <td>79.3828</td>\n      <td>79.5756</td>\n      <td>78.8601</td>\n      <td>79.0185</td>\n      <td>58791957</td>\n    </tr>\n    <tr>\n      <th>2</th>\n      <td>AAP</td>\n      <td>2014-01-02</td>\n      <td>110.3600</td>\n      <td>111.8800</td>\n      <td>109.2900</td>\n      <td>109.7400</td>\n      <td>542711</td>\n    </tr>\n    <tr>\n      <th>3</th>\n      <td>ABBV</td>\n      <td>2014-01-02</td>\n      <td>52.1200</td>\n      <td>52.3300</td>\n      <td>51.5200</td>\n      <td>51.9800</td>\n      <td>4569061</td>\n    </tr>\n    <tr>\n      <th>4</th>\n      <td>ABC</td>\n      <td>2014-01-02</td>\n      <td>70.1100</td>\n      <td>70.2300</td>\n      <td>69.4800</td>\n      <td>69.8900</td>\n      <td>1148391</td>\n    </tr>\n    <tr>\n      <th>5</th>\n      <td>ABT</td>\n      <td>2014-01-02</td>\n      <td>38.0900</td>\n      <td>38.4000</td>\n      <td>38.0000</td>\n      <td>38.2300</td>\n      <td>4967472</td>\n    </tr>\n    <tr>\n      <th>6</th>\n      <td>ACN</td>\n      <td>2014-01-02</td>\n      <td>81.5000</td>\n      <td>81.9200</td>\n      <td>81.0900</td>\n      <td>81.1300</td>\n      <td>2405384</td>\n    </tr>\n    <tr>\n      <th>7</th>\n      <td>ADBE</td>\n      <td>2014-01-02</td>\n      <td>59.0600</td>\n      <td>59.5300</td>\n      <td>58.9400</td>\n      <td>59.2900</td>\n      <td>2746370</td>\n    </tr>\n    <tr>\n      <th>8</th>\n      <td>ADI</td>\n      <td>2014-01-02</td>\n      <td>49.5200</td>\n      <td>49.7500</td>\n      <td>49.0400</td>\n      <td>49.2800</td>\n      <td>2799092</td>\n    </tr>\n    <tr>\n      <th>9</th>\n      <td>ADM</td>\n      <td>2014-01-02</td>\n      <td>43.2200</td>\n      <td>43.2900</td>\n      <td>42.7900</td>\n      <td>42.9900</td>\n      <td>2753765</td>\n    </tr>\n  </tbody>\n</table>\n</div>"},"metadata":{}}],"execution_count":31},{"cell_type":"code","source":"# To Standardize Text Data\n# strip() → removes spaces\n# title() → capitalizes properly\n\ndata_clean.loc[:, 'symbol'] = data_clean['symbol'].str.strip().str.title()","metadata":{"trusted":true,"execution":{"iopub.status.busy":"2026-04-08T18:01:07.922600Z","iopub.execute_input":"2026-04-08T18:01:07.923031Z","iopub.status.idle":"2026-04-08T18:01:08.108222Z","shell.execute_reply.started":"2026-04-08T18:01:07.922997Z","shell.execute_reply":"2026-04-08T18:01:08.107359Z"}},"outputs":[],"execution_count":36},{"cell_type":"code","source":"# Display first 10 Records\n\ndata_clean.head(10)","metadata":{"trusted":true,"execution":{"iopub.status.busy":"2026-04-08T18:01:10.740129Z","iopub.execute_input":"2026-04-08T18:01:10.740447Z","iopub.status.idle":"2026-04-08T18:01:10.755367Z","shell.execute_reply.started":"2026-04-08T18:01:10.740418Z","shell.execute_reply":"2026-04-08T18:01:10.754367Z"}},"outputs":[{"execution_count":37,"output_type":"execute_result","data":{"text/plain":"  symbol       date      open      high       low     close    volume\n0    Aal 2014-01-02   25.0700   25.8200   25.0600   25.3600   8998943\n1   Aapl 2014-01-02   79.3828   79.5756   78.8601   79.0185  58791957\n2    Aap 2014-01-02  110.3600  111.8800  109.2900  109.7400    542711\n3   Abbv 2014-01-02   52.1200   52.3300   51.5200   51.9800   4569061\n4    Abc 2014-01-02   70.1100   70.2300   69.4800   69.8900   1148391\n5    Abt 2014-01-02   38.0900   38.4000   38.0000   38.2300   4967472\n6    Acn 2014-01-02   81.5000   81.9200   81.0900   81.1300   2405384\n7   Adbe 2014-01-02   59.0600   59.5300   58.9400   59.2900   2746370\n8    Adi 2014-01-02   49.5200   49.7500   49.0400   49.2800   2799092\n9    Adm 2014-01-02   43.2200   43.2900   42.7900   42.9900   2753765","text/html":"<div>\n<style scoped>\n    .dataframe tbody tr th:only-of-type {\n        vertical-align: middle;\n    }\n\n    .dataframe tbody tr th {\n        vertical-align: top;\n    }\n\n    .dataframe thead th {\n        text-align: right;\n    }\n</style>\n<table border=\"1\" class=\"dataframe\">\n  <thead>\n    <tr style=\"text-align: right;\">\n      <th></th>\n      <th>symbol</th>\n      <th>date</th>\n      <th>open</th>\n      <th>high</th>\n      <th>low</th>\n      <th>close</th>\n      <th>volume</th>\n    </tr>\n  </thead>\n  <tbody>\n    <tr>\n      <th>0</th>\n      <td>Aal</td>\n      <td>2014-01-02</td>\n      <td>25.0700</td>\n      <td>25.8200</td>\n      <td>25.0600</td>\n      <td>25.3600</td>\n      <td>8998943</td>\n    </tr>\n    <tr>\n      <th>1</th>\n      <td>Aapl</td>\n      <td>2014-01-02</td>\n      <td>79.3828</td>\n      <td>79.5756</td>\n      <td>78.8601</td>\n      <td>79.0185</td>\n      <td>58791957</td>\n    </tr>\n    <tr>\n      <th>2</th>\n      <td>Aap</td>\n      <td>2014-01-02</td>\n      <td>110.3600</td>\n      <td>111.8800</td>\n      <td>109.2900</td>\n      <td>109.7400</td>\n      <td>542711</td>\n    </tr>\n    <tr>\n      <th>3</th>\n      <td>Abbv</td>\n      <td>2014-01-02</td>\n      <td>52.1200</td>\n      <td>52.3300</td>\n      <td>51.5200</td>\n      <td>51.9800</td>\n      <td>4569061</td>\n    </tr>\n    <tr>\n      <th>4</th>\n      <td>Abc</td>\n      <td>2014-01-02</td>\n      <td>70.1100</td>\n      <td>70.2300</td>\n      <td>69.4800</td>\n      <td>69.8900</td>\n      <td>1148391</td>\n    </tr>\n    <tr>\n      <th>5</th>\n      <td>Abt</td>\n      <td>2014-01-02</td>\n      <td>38.0900</td>\n      <td>38.4000</td>\n      <td>38.0000</td>\n      <td>38.2300</td>\n      <td>4967472</td>\n    </tr>\n    <tr>\n      <th>6</th>\n      <td>Acn</td>\n      <td>2014-01-02</td>\n      <td>81.5000</td>\n      <td>81.9200</td>\n      <td>81.0900</td>\n      <td>81.1300</td>\n      <td>2405384</td>\n    </tr>\n    <tr>\n      <th>7</th>\n      <td>Adbe</td>\n      <td>2014-01-02</td>\n      <td>59.0600</td>\n      <td>59.5300</td>\n      <td>58.9400</td>\n      <td>59.2900</td>\n      <td>2746370</td>\n    </tr>\n    <tr>\n      <th>8</th>\n      <td>Adi</td>\n      <td>2014-01-02</td>\n      <td>49.5200</td>\n      <td>49.7500</td>\n      <td>49.0400</td>\n      <td>49.2800</td>\n      <td>2799092</td>\n    </tr>\n    <tr>\n      <th>9</th>\n      <td>Adm</td>\n      <td>2014-01-02</td>\n      <td>43.2200</td>\n      <td>43.2900</td>\n      <td>42.7900</td>\n      <td>42.9900</td>\n      <td>2753765</td>\n    </tr>\n  </tbody>\n</table>\n</div>"},"metadata":{}}],"execution_count":37},{"cell_type":"code","source":"# Convert numeric column\ndata_clean.loc[:, 'volume'] = pd.to_numeric(data_clean['volume'], errors='coerce')","metadata":{"trusted":true,"execution":{"iopub.status.busy":"2026-04-08T18:05:22.142983Z","iopub.execute_input":"2026-04-08T18:05:22.143299Z","iopub.status.idle":"2026-04-08T18:05:22.149576Z","shell.execute_reply.started":"2026-04-08T18:05:22.143271Z","shell.execute_reply":"2026-04-08T18:05:22.148713Z"}},"outputs":[],"execution_count":40},{"cell_type":"code","source":"# Display first 10 Records\n\ndata_clean.head(10)","metadata":{"trusted":true,"execution":{"iopub.status.busy":"2026-04-08T18:05:46.915979Z","iopub.execute_input":"2026-04-08T18:05:46.916757Z","iopub.status.idle":"2026-04-08T18:05:46.928408Z","shell.execute_reply.started":"2026-04-08T18:05:46.916717Z","shell.execute_reply":"2026-04-08T18:05:46.927484Z"}},"outputs":[{"execution_count":41,"output_type":"execute_result","data":{"text/plain":"  symbol       date      open      high       low     close    volume\n0    Aal 2014-01-02   25.0700   25.8200   25.0600   25.3600   8998943\n1   Aapl 2014-01-02   79.3828   79.5756   78.8601   79.0185  58791957\n2    Aap 2014-01-02  110.3600  111.8800  109.2900  109.7400    542711\n3   Abbv 2014-01-02   52.1200   52.3300   51.5200   51.9800   4569061\n4    Abc 2014-01-02   70.1100   70.2300   69.4800   69.8900   1148391\n5    Abt 2014-01-02   38.0900   38.4000   38.0000   38.2300   4967472\n6    Acn 2014-01-02   81.5000   81.9200   81.0900   81.1300   2405384\n7   Adbe 2014-01-02   59.0600   59.5300   58.9400   59.2900   2746370\n8    Adi 2014-01-02   49.5200   49.7500   49.0400   49.2800   2799092\n9    Adm 2014-01-02   43.2200   43.2900   42.7900   42.9900   2753765","text/html":"<div>\n<style scoped>\n    .dataframe tbody tr th:only-of-type {\n        vertical-align: middle;\n    }\n\n    .dataframe tbody tr th {\n        vertical-align: top;\n    }\n\n    .dataframe thead th {\n        text-align: right;\n    }\n</style>\n<table border=\"1\" class=\"dataframe\">\n  <thead>\n    <tr style=\"text-align: right;\">\n      <th></th>\n      <th>symbol</th>\n      <th>date</th>\n      <th>open</th>\n      <th>high</th>\n      <th>low</th>\n      <th>close</th>\n      <th>volume</th>\n    </tr>\n  </thead>\n  <tbody>\n    <tr>\n      <th>0</th>\n      <td>Aal</td>\n      <td>2014-01-02</td>\n      <td>25.0700</td>\n      <td>25.8200</td>\n      <td>25.0600</td>\n      <td>25.3600</td>\n      <td>8998943</td>\n    </tr>\n    <tr>\n      <th>1</th>\n      <td>Aapl</td>\n      <td>2014-01-02</td>\n      <td>79.3828</td>\n      <td>79.5756</td>\n      <td>78.8601</td>\n      <td>79.0185</td>\n      <td>58791957</td>\n    </tr>\n    <tr>\n      <th>2</th>\n      <td>Aap</td>\n      <td>2014-01-02</td>\n      <td>110.3600</td>\n      <td>111.8800</td>\n      <td>109.2900</td>\n      <td>109.7400</td>\n      <td>542711</td>\n    </tr>\n    <tr>\n      <th>3</th>\n      <td>Abbv</td>\n      <td>2014-01-02</td>\n      <td>52.1200</td>\n      <td>52.3300</td>\n      <td>51.5200</td>\n      <td>51.9800</td>\n      <td>4569061</td>\n    </tr>\n    <tr>\n      <th>4</th>\n      <td>Abc</td>\n      <td>2014-01-02</td>\n      <td>70.1100</td>\n      <td>70.2300</td>\n      <td>69.4800</td>\n      <td>69.8900</td>\n      <td>1148391</td>\n    </tr>\n    <tr>\n      <th>5</th>\n      <td>Abt</td>\n      <td>2014-01-02</td>\n      <td>38.0900</td>\n      <td>38.4000</td>\n      <td>38.0000</td>\n      <td>38.2300</td>\n      <td>4967472</td>\n    </tr>\n    <tr>\n      <th>6</th>\n      <td>Acn</td>\n      <td>2014-01-02</td>\n      <td>81.5000</td>\n      <td>81.9200</td>\n      <td>81.0900</td>\n      <td>81.1300</td>\n      <td>2405384</td>\n    </tr>\n    <tr>\n      <th>7</th>\n      <td>Adbe</td>\n      <td>2014-01-02</td>\n      <td>59.0600</td>\n      <td>59.5300</td>\n      <td>58.9400</td>\n      <td>59.2900</td>\n      <td>2746370</td>\n    </tr>\n    <tr>\n      <th>8</th>\n      <td>Adi</td>\n      <td>2014-01-02</td>\n      <td>49.5200</td>\n      <td>49.7500</td>\n      <td>49.0400</td>\n      <td>49.2800</td>\n      <td>2799092</td>\n    </tr>\n    <tr>\n      <th>9</th>\n      <td>Adm</td>\n      <td>2014-01-02</td>\n      <td>43.2200</td>\n      <td>43.2900</td>\n      <td>42.7900</td>\n      <td>42.9900</td>\n      <td>2753765</td>\n    </tr>\n  </tbody>\n</table>\n</div>"},"metadata":{}}],"execution_count":41},{"cell_type":"code","source":"# Export Clean & Processed Data\n# index = false : does not save row nos as columns \ndata_clean.to_csv(\"Project1.csv\", index=False)\nprint(\"Data saved successfully!\")","metadata":{"trusted":true,"execution":{"iopub.status.busy":"2026-04-08T18:13:59.901476Z","iopub.execute_input":"2026-04-08T18:13:59.901863Z","iopub.status.idle":"2026-04-08T18:14:02.482400Z","shell.execute_reply.started":"2026-04-08T18:13:59.901827Z","shell.execute_reply":"2026-04-08T18:14:02.481570Z"}},"outputs":[{"name":"stdout","text":"Data saved successfully!\n","output_type":"stream"}],"execution_count":42},{"cell_type":"code","source":"os.listdir()","metadata":{"trusted":true,"execution":{"iopub.status.busy":"2026-04-08T18:33:53.938772Z","iopub.execute_input":"2026-04-08T18:33:53.939103Z","iopub.status.idle":"2026-04-08T18:33:53.945384Z","shell.execute_reply.started":"2026-04-08T18:33:53.939058Z","shell.execute_reply":"2026-04-08T18:33:53.944440Z"}},"outputs":[{"execution_count":46,"output_type":"execute_result","data":{"text/plain":"['.virtual_documents', 'Project1.csv']"},"metadata":{}}],"execution_count":46}]}